S,1,2,1,1,1,1,1,1,2,1,3,0,1,-1,-1,1,-23,0,200,400,500,1000,0,0,1,3,4,5,0,200,400,500,1000,0,0,0,1,3,5,0,200,400,500,1000,0,0,1,3,4,5,0,200,400,500,1000,0,0,1,3,4,5,0,200,400,500,1000,3,3,4,4,4,5,0,200,400,500,1000,1,2,2,3,3,5,-1,0,5000,0,-1,5000,5000,0,-1
AF,1,5,4,-3,2,3,5,7,5,-14,-14,-15,-16,-18,-18,-18,-18,10,10,10,15,15,15,15,15,150,150,150,150,150,150,150,150,0,7,0,1,3,-4,50,150,0
AFH,1,140,0
AFA,1,1,250,165,2,1,3264,800,-5,1,6200,1500,3,1,10000,1800,5,1,1400,500,2,1,7200,800,2,1,8800,1600,-10,1,5200,1500,-10,1,700,200,-4,0,8000,4000,0
AL,1,3,6,5,1,0,0,0,0,0,3,7,7,-10,-12,-15,-20,-19,-15,-18,-13,-12,-13,-11,-11,10,10,20,20,20,25,25,25,25,25,25,25,150,150,150,150,150,150,150,150,150,150,150,150,4,0,1,3,-3,100,150,-1,-17,230,230,120,120,2,0,4,0,2,0,4,0,-10,-20,25,150,-1,300
ALH,1,140,0
ALA,1,0,160,200,1,1,250,165,4,1,700,200,-5,1,3290,912,-9,1,3841,1006,-8,1,4400,300,-3,0,5000,2000,1,1,8000,2500,-4,1,8800,1600,-14,1,10949,2909,8
AHA,1,120,0
AHB,1,120,0
AHC,1,140,0
AHD,1,140,0
AHE,1,140,0

AMA,0,1,3,5,4,2,1,2,2,5,4,6,10,10,-10,-11,-12,-18,-17,-15,-18,-13,-12,-13,-11,-11,10,10,20,20,20,25,25,25,25,25,25,25,150,150,150,150,150,150,150,150,150,150,150,150,4,0,1,3,-3,100,150,0,230,230,120,120,2,0,4,0,2,0,4,0,-10,-20,25,150,-1,300
AMB,1,1,3,5,4,2,1,2,2,5,4,6,10,10,-10,-11,-12,-18,-17,-15,-18,-13,-12,-13,-11,-11,10,10,20,20,20,25,25,25,25,25,25,25,150,150,150,150,150,150,150,150,150,150,150,150,4,0,1,3,-3,100,150,-2,230,230,120,120,2,0,4,0,2,0,4,0,-10,-20,25,150,-1,300
AMC,2,1,3,6,5,2,1,1,1,4,3,5,9,9,-10,-11,-12,-18,-17,-15,-18,-13,-12,-13,-11,-11,10,10,20,20,20,25,25,25,25,25,25,25,150,150,150,150,150,150,150,150,150,150,150,150,4,0,1,3,-3,100,150,0,230,230,120,120,2,0,4,0,2,0,4,0,-10,-20,25,150,-1,300
AMD,3,1,3,6,5,2,0,1,1,3,1,4,8,8,-10,-11,-12,-18,-17,-15,-18,-13,-12,-13,-11,-11,10,10,20,20,20,25,25,25,25,25,25,25,150,150,150,150,150,150,150,150,150,150,150,150,4,0,1,3,-3,100,150,0,230,230,120,120,2,0,4,0,2,0,4,0,-10,-20,25,150,-1,300
AME,4,1,3,6,5,1,0,0,0,2,0,3,7,7,-10,-11,-12,-18,-17,-15,-18,-13,-12,-13,-11,-11,10,10,20,20,20,25,25,25,25,25,25,25,150,150,150,150,150,150,150,150,150,150,150,150,4,0,1,3,-3,100,150,-1,230,230,120,120,2,0,4,0,2,0,4,0,-10,-20,25,150,-1,300

APA,0,1,3,5,4,2,1,2,2,5,4,6,10,10,-10,-11,-12,-18,-17,-15,-18,-13,-12,-13,-11,-11,10,10,20,20,20,25,25,25,25,25,25,25,150,150,150,150,150,150,150,150,150,150,150,150,4,0,1,3,-3,100,150,0,230,230,120,120,2,0,4,0,2,0,4,0,-10,-20,25,150,-1,300
APB,1,1,3,5,4,2,1,2,2,5,4,6,10,10,-10,-11,-12,-18,-17,-15,-18,-13,-12,-13,-11,-11,10,10,20,20,20,25,25,25,25,25,25,25,150,150,150,150,150,150,150,150,150,150,150,150,4,0,1,3,-3,100,150,-2,230,230,120,120,2,0,4,0,2,0,4,0,-10,-20,25,150,-1,300
APC,2,1,3,6,5,2,1,1,1,4,3,5,9,9,-10,-11,-12,-18,-17,-15,-18,-13,-12,-13,-11,-11,10,10,20,20,20,25,25,25,25,25,25,25,150,150,150,150,150,150,150,150,150,150,150,150,4,0,1,3,-3,100,150,0,230,230,120,120,2,0,4,0,2,0,4,0,-10,-20,25,150,-1,300
APD,3,1,3,6,5,2,0,1,1,3,1,4,8,8,-10,-11,-12,-18,-17,-15,-18,-13,-12,-13,-11,-11,10,10,20,20,20,25,25,25,25,25,25,25,150,150,150,150,150,150,150,150,150,150,150,150,4,0,1,3,-3,100,150,0,230,230,120,120,2,0,4,0,2,0,4,0,-10,-20,25,150,-1,300
APE,4,1,3,6,5,1,0,0,0,2,0,3,7,7,-10,-12,-17,-21,-21,-15,-18,-13,-12,-13,-11,-11,10,10,10,10,10,25,25,25,25,25,25,25,150,150,150,150,150,150,150,150,150,150,150,150,4,0,1,3,-3,100,150,-1,230,230,120,120,2,0,4,0,2,0,4,0,-10,-20,25,150,-1,300

AVA,0,1,1,3,3,4,5,7,6,7,5,5,8,8,-10,-11,-12,-18,-17,-15,-18,-13,-12,-13,-11,-11,10,10,20,20,20,25,25,25,25,25,25,25,150,150,150,150,150,150,150,150,150,150,150,150,5,0,1,4,-3,100,150,0,230,230,120,120,2,0,4,0,2,0,4,0,-10,-20,25,150,-1,300
AVB,1,1,1,3,3,4,5,7,6,7,5,5,8,8,-10,-11,-12,-18,-17,-15,-18,-13,-12,-13,-11,-11,10,10,20,20,20,25,25,25,25,25,25,25,150,150,150,150,150,150,150,150,150,150,150,150,5,0,1,4,-3,100,150,-2,230,230,120,120,2,0,4,0,2,0,4,0,-10,-20,25,150,-1,300
AVC,2,1,1,4,4,4,5,5,5,6,4,4,7,7,-10,-11,-12,-18,-17,-15,-18,-13,-12,-13,-11,-11,10,10,20,20,20,25,25,25,25,25,25,25,150,150,150,150,150,150,150,150,150,150,150,150,5,0,1,4,-3,100,150,0,230,230,120,120,2,0,4,0,2,0,4,0,-10,-20,25,150,-1,300
AVD,3,1,1,4,4,4,4,5,5,5,2,3,6,6,-10,-11,-12,-18,-17,-15,-18,-13,-12,-13,-11,-11,10,10,20,20,20,25,25,25,25,25,25,25,150,150,150,150,150,150,150,150,150,150,150,150,5,0,1,4,-3,100,150,0,230,230,120,120,2,0,4,0,2,0,4,0,-10,-20,25,150,-1,300
AVE,4,1,1,4,4,3,4,4,4,4,1,2,5,5,-10,-11,-12,-18,-17,-15,-18,-13,-12,-13,-11,-11,10,10,20,20,20,25,25,25,25,25,25,25,150,150,150,150,150,150,150,150,150,150,150,150,5,0,1,4,-3,100,150,-1,230,230,120,120,2,0,4,0,2,0,4,0,-10,-20,25,150,-1,300

AAA,1,1,160,200,2,1,250,165,3,1,700,200,-7,1,3290,912,-9,1,3841,1006,-6,1,4400,300,-1,1,6000,2000,2,1,8000,2500,-1,1,8800,1600,-11,1,10949,2909,10
AAB,1,1,160,200,2,1,250,165,3,1,700,200,-7,1,3290,912,-9,1,3841,1006,-6,1,4400,300,-1,1,6000,2000,2,1,8000,2500,-1,1,8800,1600,-11,1,10949,2909,10
AAC,1,1,160,200,1,1,250,165,3,1,700,200,-7,1,3290,912,-9,1,3841,1006,-7,1,4400,300,-2,1,6000,2000,1,1,8000,2500,-2,1,8800,1600,-12,1,10949,2909,9
AAD,1,1,160,200,1,1,250,165,4,1,700,200,-6,1,3290,912,-9,1,3841,1006,-7,1,4400,300,-2,0,6000,2000,1,1,8000,2500,-3,1,8800,1600,-13,1,10949,2909,8
AAE,1,0,160,200,1,1,250,165,4,1,700,200,-5,1,3290,912,-9,1,3841,1006,-8,1,4400,300,-3,0,6000,2000,1,1,8000,2500,-4,1,8800,1600,-14,1,10949,2909,8

ABA,1,1,160,200,2,1,250,165,3,1,700,200,-7,1,3290,912,-9,1,3841,1006,-6,1,4400,300,-1,1,6000,2000,2,1,8000,2500,-1,1,8800,1600,-11,1,10949,2909,10
ABB,1,1,160,200,2,1,250,165,3,1,700,200,-7,1,3290,912,-9,1,3841,1006,-6,1,4400,300,-1,1,6000,2000,2,1,8000,2500,-1,1,8800,1600,-11,1,10949,2909,10
ABC,1,1,160,200,1,1,250,165,3,1,700,200,-7,1,3290,912,-9,1,3841,1006,-7,1,4400,300,-2,1,6000,2000,1,1,8000,2500,-2,1,8800,1600,-12,1,10949,2909,9
ABD,1,1,160,200,1,1,250,165,4,1,700,200,-6,1,3290,912,-9,1,3841,1006,-7,1,4400,300,-2,0,6000,2000,1,1,8000,2500,-3,1,8800,1600,-13,1,10949,2909,8
ABE,1,0,160,200,1,1,250,165,4,1,700,200,-5,1,3290,912,-9,1,3841,1006,-8,1,4400,300,-3,0,6000,2000,1,1,8000,2500,-4,1,8800,1600,-14,1,10949,2909,8

ACA,1,1,160,200,2,1,250,165,3,1,700,200,-7,1,3290,912,-9,1,3841,1006,-6,1,4400,300,-1,1,6000,2000,2,1,8000,2500,-1,1,8800,1600,-11,1,10949,2909,10
ACB,1,1,160,200,2,1,250,165,3,1,700,200,-7,1,3290,912,-9,1,3841,1006,-6,1,4400,300,-1,1,6000,2000,2,1,8000,2500,-1,1,8800,1600,-11,1,10949,2909,10
ACC,1,1,160,200,1,1,250,165,3,1,700,200,-7,1,3290,912,-9,1,3841,1006,-7,1,4400,300,-2,1,6000,2000,1,1,8000,2500,-2,1,8800,1600,-12,1,10949,2909,9
ACD,1,1,160,200,1,1,250,165,4,1,700,200,-6,1,3290,912,-9,1,3841,1006,-7,1,4400,300,-2,0,6000,2000,1,1,8000,2500,-3,1,8800,1600,-13,1,10949,2909,8
ACE,1,0,160,200,1,1,250,165,4,1,700,200,-5,1,3290,912,-9,1,3841,1006,-8,1,4400,300,-3,0,6000,2000,1,1,8000,2500,-4,1,8800,1600,-14,1,10949,2909,8

BF,1,6,5,-3,2,4,5,7,6,-15,-15,-15,-16,-18,-18,-18,-18,15,15,15,15,15,15,15,15,150,150,150,150,150,150,150,150,0,8,3,1,3,-4,50,150,0
BFH,1,140,1
BFA,1,1,250,180,3,1,3264,800,-5,1,6200,1500,2,1,10000,1800,3,1,1400,500,2,1,470,100,4,1,8700,1200,-7,1,7000,800,3,1,5200,1500,-10,1,700,200,-3
BL,1,4,7,7,0,0,4,3,3,2,4,2,2,-10,-10,-16,-18,-18,-17,-16,-16,-15,-11,-13,-16,20,20,20,10,10,20,20,20,20,20,20,20,120,120,120,120,120,120,120,120,120,120,120,120,5,0,1,3,-3,100,150,-1,0,230,230,120,120,2,0,4,0,2,0,4,0,-10,-20,25,150,-1,300
BLH,1,140,1
BLA,1,0,150,200,1,1,250,175,5,1,450,206,5,1,700,150,-3,1,1650,600,2,1,5100,1600,-16,1,6650,1000,-3,0,7150,2000,1,1,8890,500,-4,1,13000,1761,-7
BHA,1,120,1
BHB,1,120,1
BHC,1,140,1
BHD,1,140,1
BHE,1,140,1

BMA,0,1,4,5,6,1,2,5,3,7,5,7,4,5,-10,-11,-15,-16,-16,-16,-16,-16,-15,-11,-13,-16,20,20,20,10,10,20,20,20,20,20,20,20,120,120,120,120,120,120,120,120,120,120,120,120,5,0,1,3,-3,100,150,0,230,230,120,120,2,0,4,0,2,0,4,0,-10,-20,25,150,-1,300
BMB,1,1,4,5,6,1,2,5,3,7,5,7,4,5,-10,-11,-15,-16,-16,-16,-16,-16,-15,-11,-13,-16,20,20,20,10,10,20,20,20,20,20,20,20,120,120,120,120,120,120,120,120,120,120,120,120,5,0,1,3,-3,100,150,-2,230,230,120,120,2,0,4,0,2,0,4,0,-10,-20,25,150,-1,300
BMC,2,1,4,6,7,0,1,4,3,6,4,6,3,4,-10,-11,-15,-16,-16,-16,-16,-16,-15,-11,-13,-16,20,20,20,10,10,20,20,20,20,20,20,20,120,120,120,120,120,120,120,120,120,120,120,120,5,0,1,3,-3,100,150,0,230,230,120,120,2,0,4,0,2,0,4,0,-10,-20,25,150,-1,300
BMD,3,1,4,7,7,0,1,4,3,5,3,5,2,3,-10,-11,-15,-16,-16,-16,-16,-16,-15,-11,-13,-16,20,20,20,10,10,20,20,20,20,20,20,20,120,120,120,120,120,120,120,120,120,120,120,120,5,0,1,3,-3,100,150,0,230,230,120,120,2,0,4,0,2,0,4,0,-10,-20,25,150,-1,300
BME,4,1,4,7,7,0,0,4,3,5,2,4,2,2,-10,-11,-15,-16,-16,-16,-16,-16,-15,-11,-13,-16,20,20,20,10,10,20,20,20,20,20,20,20,120,120,120,120,120,120,120,120,120,120,120,120,5,0,1,3,-3,100,150,-1,230,230,120,120,2,0,4,0,2,0,4,0,-10,-20,25,150,-1,300

BPA,0,1,4,5,6,1,2,5,3,7,5,7,4,5,-10,-11,-15,-16,-16,-16,-16,-16,-15,-11,-13,-16,20,20,20,10,10,20,20,20,20,20,20,20,120,120,120,120,120,120,120,120,120,120,120,120,5,0,1,2,-3,100,150,0,230,230,120,120,2,0,4,0,2,0,4,0,-10,-20,25,150,-1,300
BPB,1,1,4,5,6,1,2,5,3,7,5,7,4,5,-10,-11,-15,-16,-16,-16,-16,-16,-15,-11,-13,-16,20,20,20,10,10,20,20,20,20,20,20,20,120,120,120,120,120,120,120,120,120,120,120,120,5,0,1,2,-3,100,150,-2,230,230,120,120,2,0,4,0,2,0,4,0,-10,-20,25,150,-1,300
BPC,2,1,4,6,7,0,1,4,3,6,4,6,3,4,-10,-11,-15,-16,-16,-16,-16,-16,-15,-11,-13,-16,20,20,20,10,10,20,20,20,20,20,20,20,120,120,120,120,120,120,120,120,120,120,120,120,5,0,1,3,-3,100,150,0,230,230,120,120,2,0,4,0,2,0,4,0,-10,-20,25,150,-1,300
BPD,3,1,4,7,7,0,1,4,3,5,3,5,2,3,-10,-11,-15,-16,-16,-16,-16,-16,-15,-11,-13,-16,20,20,20,10,10,20,20,20,20,20,20,20,120,120,120,120,120,120,120,120,120,120,120,120,5,0,1,3,-3,100,150,0,230,230,120,120,2,0,4,0,2,0,4,0,-10,-20,25,150,-1,300
BPE,4,1,4,7,7,0,0,4,3,5,2,4,2,2,-10,-11,-16,-20,-20,-17,-16,-16,-15,-11,-13,-16,20,20,20,10,10,20,20,20,20,20,20,20,120,120,120,120,120,120,120,120,120,120,120,120,5,0,1,3,-3,100,150,-1,230,230,120,120,2,0,4,0,2,0,4,0,-10,-20,25,150,-1,300

BVA,0,1,2,3,5,3,6,9,7,9,6,6,2,3,-10,-11,-15,-16,-16,-16,-16,-16,-15,-11,-13,-16,20,20,20,10,10,20,20,20,20,20,20,20,120,120,120,120,120,120,120,120,120,120,120,120,6,0,1,4,-3,100,150,0,230,230,120,120,2,0,4,0,2,0,4,0,-10,-20,25,150,-1,300
BVB,1,1,2,3,5,3,6,9,7,9,6,6,2,3,-10,-11,-15,-16,-16,-16,-16,-16,-15,-11,-13,-16,20,20,20,10,10,20,20,20,20,20,20,20,120,120,120,120,120,120,120,120,120,120,120,120,6,0,1,4,-3,100,150,-2,230,230,120,120,2,0,4,0,2,0,4,0,-10,-20,25,150,-1,300
BVC,2,1,2,4,6,2,5,8,7,8,5,5,1,2,-10,-11,-15,-16,-16,-16,-16,-16,-15,-11,-13,-16,20,20,20,10,10,20,20,20,20,20,20,20,120,120,120,120,120,120,120,120,120,120,120,120,6,0,1,4,-3,100,150,0,230,230,120,120,2,0,4,0,2,0,4,0,-10,-20,25,150,-1,300
BVD,3,1,2,5,6,2,5,8,7,7,4,4,0,1,-10,-11,-15,-16,-16,-16,-16,-16,-15,-11,-13,-16,20,20,20,10,10,20,20,20,20,20,20,20,120,120,120,120,120,120,120,120,120,120,120,120,6,0,1,4,-3,100,150,0,230,230,120,120,2,0,4,0,2,0,4,0,-10,-20,25,150,-1,300
BVE,4,1,2,5,6,2,4,8,7,7,3,3,0,0,-10,-11,-15,-16,-16,-16,-16,-16,-15,-11,-13,-16,20,20,20,10,10,20,20,20,20,20,20,20,120,120,120,120,120,120,120,120,120,120,120,120,6,0,1,4,-3,100,150,-1,230,230,120,120,2,0,4,0,2,0,4,0,-10,-20,25,150,-1,300

BAA,1,1,150,200,1,1,250,175,4,1,450,206,2,1,700,150,-6,1,1650,600,1,1,5100,1600,-13,0,6650,1000,-1,1,7150,2000,3,1,8890,500,-1,1,13000,1761,-7
BAB,1,1,150,200,1,1,250,175,4,1,450,206,2,1,700,150,-6,1,1650,600,1,1,5100,1600,-13,0,6650,1000,-1,1,7150,2000,3,1,8890,500,-1,1,13000,1761,-7
BAC,1,1,150,200,1,1,250,175,4,1,450,206,3,1,700,150,-5,1,1650,600,2,1,5100,1600,-14,1,6650,1000,-1,1,7150,2000,2,1,8890,500,-2,1,13000,1761,-7
BAD,1,0,150,200,1,1,250,175,5,1,450,206,4,1,700,150,-4,1,1650,600,2,1,5100,1600,-15,1,6650,1000,-2,1,7150,2000,1,1,8890,500,-3,1,13000,1761,-7
BAE,1,0,150,200,1,1,250,175,5,1,450,206,5,1,700,150,-3,1,1650,600,2,1,5100,1600,-16,1,6650,1000,-3,0,7150,2000,1,1,8890,500,-4,1,13000,1761,-7

BBA,1,1,150,200,1,1,250,175,4,1,450,206,2,1,700,150,-6,1,1650,600,1,1,5100,1600,-13,0,6650,1000,-1,1,7150,2000,3,1,8890,500,-1,1,13000,1761,-7
BBB,1,1,150,200,1,1,250,175,4,1,450,206,2,1,700,150,-6,1,1650,600,1,1,5100,1600,-13,0,6650,1000,-1,1,7150,2000,3,1,8890,500,-1,1,13000,1761,-7
BBC,1,1,150,200,1,1,250,175,4,1,450,206,3,1,700,150,-5,1,1650,600,2,1,5100,1600,-14,1,6650,1000,-1,1,7150,2000,2,1,8890,500,-2,1,13000,1761,-7
BBD,1,0,150,200,1,1,250,175,5,1,450,206,4,1,700,150,-4,1,1650,600,2,1,5100,1600,-15,1,6650,1000,-2,1,7150,2000,1,1,8890,500,-3,1,13000,1761,-7
BBE,1,0,150,200,1,1,250,175,5,1,450,206,5,1,700,150,-3,1,1650,600,2,1,5100,1600,-16,1,6650,1000,-3,0,7150,2000,1,1,8890,500,-4,1,13000,1761,-7

BCA,1,1,150,200,1,1,250,175,4,1,450,206,2,1,700,150,-6,1,1650,600,1,1,5100,1600,-13,0,6650,1000,-1,1,7150,2000,3,1,8890,500,-1,1,13000,1761,-7
BCB,1,1,150,200,1,1,250,175,4,1,450,206,2,1,700,150,-6,1,1650,600,1,1,5100,1600,-13,0,6650,1000,-1,1,7150,2000,3,1,8890,500,-1,1,13000,1761,-7
BCC,1,1,150,200,1,1,250,175,4,1,450,206,3,1,700,150,-5,1,1650,600,2,1,5100,1600,-14,1,6650,1000,-1,1,7150,2000,2,1,8890,500,-2,1,13000,1761,-7
BCD,1,0,150,200,1,1,250,175,5,1,450,206,4,1,700,150,-4,1,1650,600,2,1,5100,1600,-15,1,6650,1000,-2,1,7150,2000,1,1,8890,500,-3,1,13000,1761,-7
BCE,1,0,150,200,1,1,250,175,5,1,450,206,5,1,700,150,-3,1,1650,600,2,1,5100,1600,-16,1,6650,1000,-3,0,7150,2000,1,1,8890,500,-4,1,13000,1761,-7

CF,1,7,6,3,3,2,0,0,-2,-10,-12,-13,-13,-7,-7,-6,-6,10,20,25,25,25,25,25,25,150,150,150,150,150,150,150,150,0,10,3,1,10,-1,100,150,0
CFH,1,140,1
CFA,0,0,800,1,0,0,800,1,0,0,800,1,0,0,800,1,0,0,800,1,0,0,800,1,0,0,800,1,0,0,800,1,0,0,800,1,0,0,800,1,0
CL,1,0,0,0,0,0,0,0,0,0,0,0,0,0,0,0,0,0,0,0,0,0,0,0,0,0,0,0,0,0,0,0,0,0,0,0,0,0,0,0,0,0,0,0,0,0,0,0,0,0,0,1,0,0,0,0,0,0,0,0,0,0,0,0,0,0,0,0,0,0,0,0,0,0,0,100
CLH,1,140,1
CLA,0,0,800,1,0,0,800,1,0,0,800,1,0,0,800,1,0,0,800,1,0,0,800,1,0,0,800,1,0,0,800,1,0,0,800,1,0,0,800,1,0
CHA,1,140,1
CHB,1,140,1
CHC,1,140,1
CHD,1,140,1
CHE,1,140,1

CMA,0,0,0,0,0,0,0,0,0,0,0,0,0,0,0,0,0,0,0,0,0,0,0,0,0,0,0,0,0,0,0,0,0,0,0,0,0,0,0,0,0,0,0,0,0,0,0,0,0,0,0,0,0,0,0,0,0,0,0,0,0,0,0,0,0,0,0,0,0,0,0,0,0,0,0,100
CMB,1,1,0,0,0,0,0,0,0,0,0,0,0,0,0,0,0,0,0,0,0,0,0,0,0,0,0,0,0,0,0,0,0,0,0,0,0,0,0,0,0,0,0,0,0,0,0,0,0,0,0,0,1,0,0,0,0,0,0,0,0,0,0,0,0,0,0,0,0,0,0,0,0,0,0,100
CMC,2,1,0,0,0,0,0,0,0,0,0,0,0,0,0,0,0,0,0,0,0,0,0,0,0,0,0,0,0,0,0,0,0,0,0,0,0,0,0,0,0,0,0,0,0,0,0,0,0,0,0,0,1,0,0,0,0,0,0,0,0,0,0,0,0,0,0,0,0,0,0,0,0,0,0,100
CMD,3,1,0,0,0,0,0,0,0,0,0,0,0,0,0,0,0,0,0,0,0,0,0,0,0,0,0,0,0,0,0,0,0,0,0,0,0,0,0,0,0,0,0,0,0,0,0,0,0,0,0,0,1,0,0,0,0,0,0,0,0,0,0,0,0,0,0,0,0,0,0,0,0,0,0,100
CME,4,1,0,0,0,0,0,0,0,0,0,0,0,0,0,0,0,0,0,0,0,0,0,0,0,0,0,0,0,0,0,0,0,0,0,0,0,0,0,0,0,0,0,0,0,0,0,0,0,0,0,0,1,0,0,0,0,0,0,0,0,0,0,0,0,0,0,0,0,0,0,0,0,0,0,100

CPA,0,1,0,0,0,0,0,0,0,0,0,0,0,0,0,0,0,0,0,0,0,0,0,0,0,0,0,0,0,0,0,0,0,0,0,0,0,0,0,0,0,0,0,0,0,0,0,0,0,0,0,0,1,0,0,0,0,0,0,0,0,0,0,0,0,0,0,0,0,0,0,0,0,0,0,100
CPB,1,1,0,0,0,0,0,0,0,0,0,0,0,0,0,0,0,0,0,0,0,0,0,0,0,0,0,0,0,0,0,0,0,0,0,0,0,0,0,0,0,0,0,0,0,0,0,0,0,0,0,0,1,0,0,0,0,0,0,0,0,0,0,0,0,0,0,0,0,0,0,0,0,0,0,100
CPC,2,1,0,0,0,0,0,0,0,0,0,0,0,0,0,0,0,0,0,0,0,0,0,0,0,0,0,0,0,0,0,0,0,0,0,0,0,0,0,0,0,0,0,0,0,0,0,0,0,0,0,0,1,0,0,0,0,0,0,0,0,0,0,0,0,0,0,0,0,0,0,0,0,0,0,100
CPD,3,1,0,0,0,0,0,0,0,0,0,0,0,0,0,0,0,0,0,0,0,0,0,0,0,0,0,0,0,0,0,0,0,0,0,0,0,0,0,0,0,0,0,0,0,0,0,0,0,0,0,0,1,0,0,0,0,0,0,0,0,0,0,0,0,0,0,0,0,0,0,0,0,0,0,100
CPE,4,1,0,0,0,0,0,0,0,0,0,0,0,0,0,0,0,0,0,0,0,0,0,0,0,0,0,0,0,0,0,0,0,0,0,0,0,0,0,0,0,0,0,0,0,0,0,0,0,0,0,0,1,0,0,0,0,0,0,0,0,0,0,0,0,0,0,0,0,0,0,0,0,0,0,100

CVA,0,1,0,0,0,0,0,0,0,0,0,0,0,0,0,0,0,0,0,0,0,0,0,0,0,0,0,0,0,0,0,0,0,0,0,0,0,0,0,0,0,0,0,0,0,0,0,0,0,0,0,0,1,0,0,0,0,0,0,0,0,0,0,0,0,0,0,0,0,0,0,0,0,0,0,100
CVB,1,1,0,0,0,0,0,0,0,0,0,0,0,0,0,0,0,0,0,0,0,0,0,0,0,0,0,0,0,0,0,0,0,0,0,0,0,0,0,0,0,0,0,0,0,0,0,0,0,0,0,0,1,0,0,0,0,0,0,0,0,0,0,0,0,0,0,0,0,0,0,0,0,0,0,100
CVC,2,1,0,0,0,0,0,0,0,0,0,0,0,0,0,0,0,0,0,0,0,0,0,0,0,0,0,0,0,0,0,0,0,0,0,0,0,0,0,0,0,0,0,0,0,0,0,0,0,0,0,0,1,0,0,0,0,0,0,0,0,0,0,0,0,0,0,0,0,0,0,0,0,0,0,100
CVD,3,1,0,0,0,0,0,0,0,0,0,0,0,0,0,0,0,0,0,0,0,0,0,0,0,0,0,0,0,0,0,0,0,0,0,0,0,0,0,0,0,0,0,0,0,0,0,0,0,0,0,0,1,0,0,0,0,0,0,0,0,0,0,0,0,0,0,0,0,0,0,0,0,0,0,100
CVE,4,1,0,0,0,0,0,0,0,0,0,0,0,0,0,0,0,0,0,0,0,0,0,0,0,0,0,0,0,0,0,0,0,0,0,0,0,0,0,0,0,0,0,0,0,0,0,0,0,0,0,0,1,0,0,0,0,0,0,0,0,0,0,0,0,0,0,0,0,0,0,0,0,0,0,100

CAA,0,0,800,200,0,0,800,200,0,0,800,200,0,0,800,200,0,0,800,200,0,0,800,200,0,0,800,200,0,0,800,200,0,0,800,200,0,0,800,200,0
CAB,0,0,800,200,0,0,800,200,0,0,800,200,0,0,800,200,0,0,800,200,0,0,800,200,0,0,800,200,0,0,800,200,0,0,800,200,0,0,800,200,0
CAC,0,0,800,200,0,0,800,200,0,0,800,200,0,0,800,200,0,0,800,200,0,0,800,200,0,0,800,200,0,0,800,200,0,0,800,200,0,0,800,200,0
CAD,0,0,800,200,0,0,800,200,0,0,800,200,0,0,800,200,0,0,800,200,0,0,800,200,0,0,800,200,0,0,800,200,0,0,800,200,0,0,800,200,0
CAE,0,0,800,200,0,0,800,200,0,0,800,200,0,0,800,200,0,0,800,200,0,0,800,200,0,0,800,200,0,0,800,200,0,0,800,200,0,0,800,200,0

CBA,0,0,800,200,0,0,800,200,0,0,800,200,0,0,800,200,0,0,800,200,0,0,800,200,0,0,800,200,0,0,800,200,0,0,800,200,0,0,800,200,0
CBB,0,0,800,200,0,0,800,200,0,0,800,200,0,0,800,200,0,0,800,200,0,0,800,200,0,0,800,200,0,0,800,200,0,0,800,200,0,0,800,200,0
CBC,0,0,800,200,0,0,800,200,0,0,800,200,0,0,800,200,0,0,800,200,0,0,800,200,0,0,800,200,0,0,800,200,0,0,800,200,0,0,800,200,0
CBD,0,0,800,200,0,0,800,200,0,0,800,200,0,0,800,200,0,0,800,200,0,0,800,200,0,0,800,200,0,0,800,200,0,0,800,200,0,0,800,200,0
CBE,0,0,800,200,0,0,800,200,0,0,800,200,0,0,800,200,0,0,800,200,0,0,800,200,0,0,800,200,0,0,800,200,0,0,800,200,0,0,800,200,0

CCA,0,0,800,200,0,0,800,200,0,0,800,200,0,0,800,200,0,0,800,200,0,0,800,200,0,0,800,200,0,0,800,200,0,0,800,200,0,0,800,200,0
CCB,0,0,800,200,0,0,800,200,0,0,800,200,0,0,800,200,0,0,800,200,0,0,800,200,0,0,800,200,0,0,800,200,0,0,800,200,0,0,800,200,0
CCC,0,0,800,200,0,0,800,200,0,0,800,200,0,0,800,200,0,0,800,200,0,0,800,200,0,0,800,200,0,0,800,200,0,0,800,200,0,0,800,200,0
CCD,0,0,800,200,0,0,800,200,0,0,800,200,0,0,800,200,0,0,800,200,0,0,800,200,0,0,800,200,0,0,800,200,0,0,800,200,0,0,800,200,0
CCE,0,0,800,200,0,0,800,200,0,0,800,200,0,0,800,200,0,0,800,200,0,0,800,200,0,0,800,200,0,0,800,200,0,0,800,200,0,0,800,200,0

DF,1,7,6,3,3,2,0,0,-2,-10,-12,-13,-13,-7,-7,-6,-6,10,20,25,25,25,25,25,25,150,150,150,150,150,150,150,150,0,10,3,1,10,-1,100,150,0
DFH,1,140,1
DFA,0,0,800,1,0,0,800,1,0,0,800,1,0,0,800,1,0,0,800,1,0,0,800,1,0,0,800,1,0,0,800,1,0,0,800,1,0,0,800,1,0
DL,1,0,0,0,0,0,0,0,0,0,0,0,0,0,0,0,0,0,0,0,0,0,0,0,0,0,0,0,0,0,0,0,0,0,0,0,0,0,0,0,0,0,0,0,0,0,0,0,0,0,0,1,0,0,0,0,0,0,0,0,0,0,0,0,0,0,0,0,0,0,0,0,0,0,0,100
DLH,1,140,1
DLA,0,0,800,1,0,0,800,1,0,0,800,1,0,0,800,1,0,0,800,1,0,0,800,1,0,0,800,1,0,0,800,1,0,0,800,1,0,0,800,1,0
DHA,1,140,1
DHB,1,140,1
DHC,1,140,1
DHD,1,140,1
DHE,1,140,1

DMA,0,0,0,0,0,0,0,0,0,0,0,0,0,0,0,0,0,0,0,0,0,0,0,0,0,0,0,0,0,0,0,0,0,0,0,0,0,0,0,0,0,0,0,0,0,0,0,0,0,0,0,0,0,0,0,0,0,0,0,0,0,0,0,0,0,0,0,0,0,0,0,0,0,0,0,100
DMB,1,1,0,0,0,0,0,0,0,0,0,0,0,0,0,0,0,0,0,0,0,0,0,0,0,0,0,0,0,0,0,0,0,0,0,0,0,0,0,0,0,0,0,0,0,0,0,0,0,0,0,0,1,0,0,0,0,0,0,0,0,0,0,0,0,0,0,0,0,0,0,0,0,0,0,100
DMC,2,1,0,0,0,0,0,0,0,0,0,0,0,0,0,0,0,0,0,0,0,0,0,0,0,0,0,0,0,0,0,0,0,0,0,0,0,0,0,0,0,0,0,0,0,0,0,0,0,0,0,0,1,0,0,0,0,0,0,0,0,0,0,0,0,0,0,0,0,0,0,0,0,0,0,100
DMD,3,1,0,0,0,0,0,0,0,0,0,0,0,0,0,0,0,0,0,0,0,0,0,0,0,0,0,0,0,0,0,0,0,0,0,0,0,0,0,0,0,0,0,0,0,0,0,0,0,0,0,0,1,0,0,0,0,0,0,0,0,0,0,0,0,0,0,0,0,0,0,0,0,0,0,100
DME,4,1,0,0,0,0,0,0,0,0,0,0,0,0,0,0,0,0,0,0,0,0,0,0,0,0,0,0,0,0,0,0,0,0,0,0,0,0,0,0,0,0,0,0,0,0,0,0,0,0,0,0,1,0,0,0,0,0,0,0,0,0,0,0,0,0,0,0,0,0,0,0,0,0,0,100

DPA,0,1,0,0,0,0,0,0,0,0,0,0,0,0,0,0,0,0,0,0,0,0,0,0,0,0,0,0,0,0,0,0,0,0,0,0,0,0,0,0,0,0,0,0,0,0,0,0,0,0,0,0,1,0,0,0,0,0,0,0,0,0,0,0,0,0,0,0,0,0,0,0,0,0,0,100
DPB,1,1,0,0,0,0,0,0,0,0,0,0,0,0,0,0,0,0,0,0,0,0,0,0,0,0,0,0,0,0,0,0,0,0,0,0,0,0,0,0,0,0,0,0,0,0,0,0,0,0,0,0,1,0,0,0,0,0,0,0,0,0,0,0,0,0,0,0,0,0,0,0,0,0,0,100
DPC,2,1,0,0,0,0,0,0,0,0,0,0,0,0,0,0,0,0,0,0,0,0,0,0,0,0,0,0,0,0,0,0,0,0,0,0,0,0,0,0,0,0,0,0,0,0,0,0,0,0,0,0,1,0,0,0,0,0,0,0,0,0,0,0,0,0,0,0,0,0,0,0,0,0,0,100
DPD,3,1,0,0,0,0,0,0,0,0,0,0,0,0,0,0,0,0,0,0,0,0,0,0,0,0,0,0,0,0,0,0,0,0,0,0,0,0,0,0,0,0,0,0,0,0,0,0,0,0,0,0,1,0,0,0,0,0,0,0,0,0,0,0,0,0,0,0,0,0,0,0,0,0,0,100
DPE,4,1,0,0,0,0,0,0,0,0,0,0,0,0,0,0,0,0,0,0,0,0,0,0,0,0,0,0,0,0,0,0,0,0,0,0,0,0,0,0,0,0,0,0,0,0,0,0,0,0,0,0,1,0,0,0,0,0,0,0,0,0,0,0,0,0,0,0,0,0,0,0,0,0,0,100

DVA,0,1,0,0,0,0,0,0,0,0,0,0,0,0,0,0,0,0,0,0,0,0,0,0,0,0,0,0,0,0,0,0,0,0,0,0,0,0,0,0,0,0,0,0,0,0,0,0,0,0,0,0,1,0,0,0,0,0,0,0,0,0,0,0,0,0,0,0,0,0,0,0,0,0,0,100
DVB,1,1,0,0,0,0,0,0,0,0,0,0,0,0,0,0,0,0,0,0,0,0,0,0,0,0,0,0,0,0,0,0,0,0,0,0,0,0,0,0,0,0,0,0,0,0,0,0,0,0,0,0,1,0,0,0,0,0,0,0,0,0,0,0,0,0,0,0,0,0,0,0,0,0,0,100
DVC,2,1,0,0,0,0,0,0,0,0,0,0,0,0,0,0,0,0,0,0,0,0,0,0,0,0,0,0,0,0,0,0,0,0,0,0,0,0,0,0,0,0,0,0,0,0,0,0,0,0,0,0,1,0,0,0,0,0,0,0,0,0,0,0,0,0,0,0,0,0,0,0,0,0,0,100
DVD,3,1,0,0,0,0,0,0,0,0,0,0,0,0,0,0,0,0,0,0,0,0,0,0,0,0,0,0,0,0,0,0,0,0,0,0,0,0,0,0,0,0,0,0,0,0,0,0,0,0,0,0,1,0,0,0,0,0,0,0,0,0,0,0,0,0,0,0,0,0,0,0,0,0,0,100
DVE,4,1,0,0,0,0,0,0,0,0,0,0,0,0,0,0,0,0,0,0,0,0,0,0,0,0,0,0,0,0,0,0,0,0,0,0,0,0,0,0,0,0,0,0,0,0,0,0,0,0,0,0,1,0,0,0,0,0,0,0,0,0,0,0,0,0,0,0,0,0,0,0,0,0,0,100

DAA,0,0,800,200,0,0,800,200,0,0,800,200,0,0,800,200,0,0,800,200,0,0,800,200,0,0,800,200,0,0,800,200,0,0,800,200,0,0,800,200,0
DAB,0,0,800,200,0,0,800,200,0,0,800,200,0,0,800,200,0,0,800,200,0,0,800,200,0,0,800,200,0,0,800,200,0,0,800,200,0,0,800,200,0
DAC,0,0,800,200,0,0,800,200,0,0,800,200,0,0,800,200,0,0,800,200,0,0,800,200,0,0,800,200,0,0,800,200,0,0,800,200,0,0,800,200,0
DAD,0,0,800,200,0,0,800,200,0,0,800,200,0,0,800,200,0,0,800,200,0,0,800,200,0,0,800,200,0,0,800,200,0,0,800,200,0,0,800,200,0
DAE,0,0,800,200,0,0,800,200,0,0,800,200,0,0,800,200,0,0,800,200,0,0,800,200,0,0,800,200,0,0,800,200,0,0,800,200,0,0,800,200,0

DBA,0,0,800,200,0,0,800,200,0,0,800,200,0,0,800,200,0,0,800,200,0,0,800,200,0,0,800,200,0,0,800,200,0,0,800,200,0,0,800,200,0
DBB,0,0,800,200,0,0,800,200,0,0,800,200,0,0,800,200,0,0,800,200,0,0,800,200,0,0,800,200,0,0,800,200,0,0,800,200,0,0,800,200,0
DBC,0,0,800,200,0,0,800,200,0,0,800,200,0,0,800,200,0,0,800,200,0,0,800,200,0,0,800,200,0,0,800,200,0,0,800,200,0,0,800,200,0
DBD,0,0,800,200,0,0,800,200,0,0,800,200,0,0,800,200,0,0,800,200,0,0,800,200,0,0,800,200,0,0,800,200,0,0,800,200,0,0,800,200,0
DBE,0,0,800,200,0,0,800,200,0,0,800,200,0,0,800,200,0,0,800,200,0,0,800,200,0,0,800,200,0,0,800,200,0,0,800,200,0,0,800,200,0

DCA,0,0,800,200,0,0,800,200,0,0,800,200,0,0,800,200,0,0,800,200,0,0,800,200,0,0,800,200,0,0,800,200,0,0,800,200,0,0,800,200,0
DCB,0,0,800,200,0,0,800,200,0,0,800,200,0,0,800,200,0,0,800,200,0,0,800,200,0,0,800,200,0,0,800,200,0,0,800,200,0,0,800,200,0
DCC,0,0,800,200,0,0,800,200,0,0,800,200,0,0,800,200,0,0,800,200,0,0,800,200,0,0,800,200,0,0,800,200,0,0,800,200,0,0,800,200,0
DCD,0,0,800,200,0,0,800,200,0,0,800,200,0,0,800,200,0,0,800,200,0,0,800,200,0,0,800,200,0,0,800,200,0,0,800,200,0,0,800,200,0
DCE,0,0,800,200,0,0,800,200,0,0,800,200,0,0,800,200,0,0,800,200,0,0,800,200,0,0,800,200,0,0,800,200,0,0,800,200,0,0,800,200,0

